1621349031.765764 0.021397912874817848 -1.1646827459335327 -0.05353390797972679 -0.0011124841403216124 0.006259562447667122 0.0153939975425601 0.9998613595962524
1621349033.408096 0.02048688568174839 -1.16488516330719 -0.056309666484594345 -0.0009563810308463871 0.005206309724599123 0.015187879092991352 0.9998707175254822
1621349033.451634 0.021327953785657883 -1.1664648056030273 -0.05939973145723343 -0.0029092682525515556 0.006648628506809473 0.015670999884605408 0.999850869178772
1621349033.580557 0.020719582214951515 -1.168829083442688 -0.06245770305395126 -0.01280286069959402 0.0050710653886199 0.01577763259410858 0.9997807145118713
1621349033.719415 -0.013404669240117073 -1.1711363792419434 -0.0682433545589447 -0.05480300635099411 0.0021487458143383265 0.01504478044807911 0.9983815550804138
1621349033.889404 -0.12437490373849869 -1.1682448387145996 -0.08103755861520767 -0.04716828837990761 0.0034053996205329895 0.014909608289599419 0.9987698793411255
1621349034.062296 -0.29595720767974854 -1.1585750579833984 -0.10007011145353317 -0.04125142842531204 0.0015045559266582131 0.015851713716983795 0.9990219473838806
1621349034.244964 -0.5061783790588379 -1.1458334922790527 -0.1091606616973877 -0.03683064505457878 0.05068224295973778 0.01350279152393341 0.9979441165924072
1621349034.598612 -0.7329241037368774 -1.1305094957351685 -0.05893728509545326 0.007837367244064808 0.048404473811388016 0.014036080799996853 0.9986985325813293
1621349034.829800 -0.9157310724258423 -1.1220731735229492 0.05022469907999039 0.016690030694007874 0.04118196666240692 0.013992601074278355 0.9989142417907715
1621349035.094104 -1.0341503620147705 -1.127099871635437 0.19659695029258728 0.011874513700604439 0.033215127885341644 0.01473214477300644 0.9992691278457642
1621349035.394505 -1.1014397144317627 -1.139073371887207 0.3603246808052063 0.014001360163092613 0.029482362791895866 0.01416020281612873 0.9993669390678406
1621349035.851364 -1.1102064847946167 -1.1500015258789062 0.5361393690109253 0.060561664402484894 0.05151107534766197 0.015170234255492687 0.9967190623283386
1621349036.156487 -1.0254793167114258 -1.160054087638855 0.7392388582229614 0.04900716617703438 0.041907791048288345 0.01421633455902338 0.9978176355361938
1621349036.460268 -0.8708156943321228 -1.1665782928466797 0.9596617817878723 0.007460382767021656 0.03630506992340088 0.01454041339457035 0.9992071390151978
1621349036.800833 -0.7218183279037476 -1.1675443649291992 1.1874496936798096 -0.015240621753036976 0.036706313490867615 0.014751567505300045 0.9991009831428528
1621349037.104489 -0.6213152408599854 -1.1685374975204468 1.4180800914764404 -0.006139184348285198 0.03707591071724892 0.015332055278122425 0.9991759657859802
1621349037.430250 -0.555004358291626 -1.1489359140396118 1.6471577882766724 -0.003343957243487239 0.03271166980266571 0.014529761858284473 0.9993535876274109
1621349037.727016 -0.4926793873310089 -1.121706485748291 1.8743078708648682 0.04092814028263092 0.03809579461812973 0.015509241260588169 0.998315155506134
1621349038.027191 -0.3812465965747833 -1.1175296306610107 2.105717658996582 0.042756203562021255 0.036283571273088455 0.016159282997250557 0.9982956647872925
1621349038.321625 -0.2163275182247162 -1.125314474105835 2.3399903774261475 0.0432758703827858 0.02661094069480896 0.010153282433748245 0.9986571073532104
1621349038.629949 -0.01611867919564247 -1.1334556341171265 2.572195291519165 0.03311891853809357 0.026912713423371315 0.00862667616456747 0.9990517497062683
1621349038.888548 0.18036340177059174 -1.1369988918304443 2.8013696670532227 -0.014916017651557922 0.030620092526078224 0.01697549968957901 0.9992756247520447
1621349039.183320 0.3248139023780823 -1.1357351541519165 3.024662971496582 -0.010478329844772816 0.02914315089583397 0.01759284920990467 0.999365508556366
1621349039.459188 0.42289552092552185 -1.1311872005462646 3.2422051429748535 -0.008162721991539001 0.029311757534742355 0.017178744077682495 0.9993893504142761
1621349039.754704 0.48890095949172974 -1.127911925315857 3.4542019367218018 -0.02063835971057415 0.027289921417832375 0.01644844375550747 0.9992792010307312
1621349040.007077 0.5080096125602722 -1.1226376295089722 3.663942337036133 -0.04178919270634651 0.03926260024309158 0.014803909696638584 0.9982450008392334
1621349040.244887 0.45522814989089966 -1.1117984056472778 3.879403591156006 -0.054253458976745605 0.005893508903682232 0.016429737210273743 0.9983747005462646
1621349040.340783 0.3284502923488617 -1.0994704961776733 4.0519633293151855 -0.03403887897729874 -0.036801524460315704 0.016166221350431442 0.9986118674278259
1621349040.582089 0.17583180963993073 -1.0872914791107178 4.121632099151611 0.006540448870509863 -0.049596626311540604 0.015615478157997131 0.9986258149147034
1621349040.752985 0.06106628477573395 -1.0788185596466064 4.087749004364014 0.0332961231470108 -0.03644460812211037 0.015409369021654129 0.9986619353294373
1621349040.971081 0.004514616448432207 -1.0720964670181274 4.00070333480835 0.006664864253252745 -0.0034645397681742907 0.015497303567826748 0.9998517036437988
1621349041.153583 -0.027469787746667862 -1.0664507150650024 3.9132561683654785 0.0050807553343474865 0.003571453271433711 0.015917159616947174 0.9998540282249451
1621349041.377442 -0.04163174703717232 -1.0725207328796387 3.8563621044158936 0.0035350664984434843 -0.0014493934577330947 0.015065395273268223 0.9998792409896851
1621349041.591473 -0.042568057775497437 -1.0879206657409668 3.8181393146514893 0.002775013679638505 -0.0022528446279466152 0.015975406393408775 0.9998660683631897
1621349041.843982 -0.042568057775497437 -1.0879206657409668 3.8181393146514893 0.002775013679638505 -0.0022528446279466152 0.015975406393408775 0.9998660683631897
1621349042.144109 -0.042568057775497437 -1.0879206657409668 3.8181393146514893 0.002775013679638505 -0.0022528446279466152 0.015975406393408775 0.9998660683631897
